2 0        
2 1        
2 2        
0 800      
0 801      
0 802      
2 3        
2 4        
2 5        
0 880      
0 881      
0 882      
2 6        
2 7        
2 8        
0 900      
0 901      
0 902      
2 9        
2 a        
2 b        
0 980      
0 981      
0 982      
2 c        
2 d        
2 e        
0 a00      
0 a01      
0 a02      
2 f        
2 10       
2 11       
0 a80      
0 a81      
0 a82      
2 12       
2 13       
2 14       
0 b00      
0 b01      
0 b02      
2 15       
2 16       
2 17       
0 b80      
0 b81      
0 b82      
2 18       
2 19       
2 1a       
0 c00      
0 c01      
0 c02      
2 1b       
2 1c       